<?xml version="1.0"?>
<opencv_storage>
<calibration_time>"Tue 29 Jun 2021 09:19:50 AM CST"</calibration_time>
<nr_of_frames>6</nr_of_frames>
<image_width>800</image_width>
<image_height>600</image_height>
<board_width>10</board_width>
<board_height>7</board_height>
<square_size>20.</square_size>
<fix_aspect_ratio>1.</fix_aspect_ratio>
<!-- flags: +fix_aspectRatio +fix_principal_point +zero_tangent_dist +fix_k4 +fix_k5 -->
<flags>6158</flags>
<fisheye_model>0</fisheye_model>
<camera_matrix type_id="opencv-matrix">
  <rows>3</rows>
  <cols>3</cols>
  <dt>d</dt>
  <data>
    7.5568767991773234e+02 0. 400. 0. 7.5568767991773234e+02 300. 0. 0.
    1.</data></camera_matrix>
<distortion_coefficients type_id="opencv-matrix">
  <rows>5</rows>
  <cols>1</cols>
  <dt>d</dt>
  <data>
    3.0785208771761807e-01 -2.7927729212093801e+00 0. 0.
    5.9942886716446697e+00</data></distortion_coefficients>
<avg_reprojection_error>9.0555271550360672e-01</avg_reprojection_error>
<per_view_reprojection_errors type_id="opencv-matrix">
  <rows>6</rows>
  <cols>1</cols>
  <dt>f</dt>
  <data>
    2.05051136e+00 3.38098168e-01 4.45929408e-01 3.04763645e-01
    4.82873410e-01 2.76309431e-01</data></per_view_reprojection_errors>
<!-- a set of 6-tuples (rotation vector + translation vector) for each view -->
<extrinsic_parameters type_id="opencv-matrix">
  <rows>6</rows>
  <cols>6</cols>
  <dt>d</dt>
  <data>
    -7.8381262536702342e-02 -1.6201696107158078e-01
    1.5546744757251427e+00 1.3167150113507871e+01
    -4.0479549934724695e+01 3.5213240892095473e+02
    -7.8529562273851924e-02 -1.6263908643167613e-01
    1.4489725670724563e+00 6.9139959857021651e+01
    -8.4181339261082570e+01 3.8089324333777341e+02
    -1.2801545186699118e-01 -2.0732579339843529e-01
    1.5870838563083485e+00 5.7656658498529197e+01
    -7.7515266700386363e+01 3.9489723269652058e+02
    -7.7209606985988943e-02 -2.5144155547228519e-01
    2.1716883068140662e+00 9.2439765676668358e+01
    -3.2338054787086932e+01 4.0456915741316232e+02
    -1.8330748371011195e-02 -3.3646552335588720e-01
    2.6020962861386288e+00 1.0231887212895910e+02
    -1.3120329464271832e+01 4.0330845560126238e+02
    -9.8488536768178869e-02 -1.3011385079943147e-01
    1.6147846620304103e+00 5.3269666457234457e+01
    -7.4873386451737630e+01 4.2440305860339492e+02</data></extrinsic_parameters>
<image_points type_id="opencv-matrix">
  <rows>6</rows>
  <cols>70</cols>
  <dt>"2f"</dt>
  <data>
    4.29323364e+02 2.08974625e+02 4.28548584e+02 2.54482727e+02
    4.28160370e+02 2.99153656e+02 4.27589752e+02 3.42666779e+02
    4.27480560e+02 3.85593658e+02 4.27480194e+02 4.27994202e+02
    4.27532654e+02 4.69794861e+02 4.27765472e+02 5.11472076e+02
    4.28264038e+02 5.52552612e+02 4.28489990e+02 5.93540466e+02
    3.85656433e+02 2.09217789e+02 3.85500610e+02 2.55009033e+02
    3.85410400e+02 2.99852051e+02 3.85378387e+02 3.43746033e+02
    3.85433655e+02 3.86894470e+02 3.85541687e+02 4.29472534e+02
    3.86019348e+02 4.71515717e+02 3.86483185e+02 5.13414551e+02
    3.87069733e+02 5.54754028e+02 3.87501709e+02 5.96110046e+02
    3.41607422e+02 2.09299728e+02 3.41919983e+02 2.55516357e+02
    3.42332764e+02 3.00661102e+02 3.42516418e+02 3.44831573e+02
    3.42939697e+02 3.88341980e+02 3.43486816e+02 4.30900665e+02
    3.44121002e+02 4.73364807e+02 3.44651245e+02 5.15397583e+02
    3.45474487e+02 5.57225647e+02 3.46229736e+02 5.98658752e+02
    2.97229858e+02 2.09285309e+02 2.97777405e+02 2.55768845e+02
    2.98563202e+02 3.01494629e+02 2.99445038e+02 3.45855469e+02
    3.00251801e+02 3.89528717e+02 3.00852936e+02 4.32515015e+02
    3.01628296e+02 4.75192719e+02 3.02517303e+02 5.17490234e+02
    3.03434570e+02 5.59559082e+02 3.04303040e+02 6.01440857e+02
    2.51675003e+02 2.09083862e+02 2.53183090e+02 2.56192902e+02
    2.54426987e+02 3.02167542e+02 2.55526550e+02 3.46819244e+02
    2.56594482e+02 3.90781921e+02 2.57640137e+02 4.34279572e+02
    2.58614685e+02 4.77219513e+02 2.59609772e+02 5.19759399e+02
    2.60565216e+02 5.62293823e+02 2.61595978e+02 6.04319885e+02
    2.05544693e+02 2.08617050e+02 2.07430771e+02 2.56305450e+02
    2.09244370e+02 3.02517700e+02 2.10703079e+02 3.47741943e+02
    2.12394577e+02 3.92332306e+02 2.13575134e+02 4.35944244e+02
    2.14797256e+02 4.79363007e+02 2.16098160e+02 5.22423462e+02
    2.17318939e+02 5.65071655e+02 2.18428070e+02 6.07457764e+02
    1.58428833e+02 2.08429810e+02 1.60595688e+02 2.56254303e+02
    1.62731873e+02 3.02967712e+02 1.64842606e+02 3.48631500e+02
    1.66712631e+02 3.93577972e+02 1.68488220e+02 4.37787018e+02
    1.70024445e+02 4.81578094e+02 1.71486115e+02 5.25122314e+02
    1.72746475e+02 5.68137146e+02 1.74395538e+02 6.10715820e+02
    5.39302368e+02 1.30867050e+02 5.42752625e+02 1.71528900e+02
    5.46438293e+02 2.11644547e+02 5.50159424e+02 2.51346146e+02
    5.53919739e+02 2.90539581e+02 5.57928284e+02 3.29471802e+02
    5.62109009e+02 3.68288330e+02 5.66288757e+02 4.06804993e+02
    5.70496826e+02 4.45407959e+02 5.74719482e+02 4.83823822e+02
    5.00467010e+02 1.34596619e+02 5.04281281e+02 1.75570099e+02
    5.07982574e+02 2.16060593e+02 5.11831726e+02 2.55801971e+02
    5.15800720e+02 2.95316864e+02 5.19983521e+02 3.34429321e+02
    5.24331360e+02 3.73391510e+02 5.28592712e+02 4.12374237e+02
    5.33003479e+02 4.51102539e+02 5.37428040e+02 4.89823517e+02
    4.61188843e+02 1.38449402e+02 4.65205200e+02 1.79702103e+02
    4.69264374e+02 2.20473663e+02 4.73295380e+02 2.60492401e+02
    4.77445496e+02 3.00150879e+02 4.81639313e+02 3.39430481e+02
    4.86113129e+02 3.78596680e+02 4.90543121e+02 4.17794708e+02
    4.95095459e+02 4.56918274e+02 4.99541656e+02 4.96076508e+02
    4.21373169e+02 1.42262939e+02 4.25627014e+02 1.83815536e+02
    4.29969818e+02 2.24755829e+02 4.34353119e+02 2.65190063e+02
    4.38599121e+02 3.04891235e+02 4.43070282e+02 3.44503113e+02
    4.47499908e+02 3.83967346e+02 4.52097717e+02 4.23484406e+02
    4.56595215e+02 4.62895752e+02 4.61263336e+02 5.02395294e+02
    3.80827881e+02 1.45905045e+02 3.85570465e+02 1.87896530e+02
    3.90302155e+02 2.29254211e+02 3.94729706e+02 2.69706421e+02
    3.99385925e+02 3.09848816e+02 4.03803772e+02 3.49708557e+02
    4.08444824e+02 3.89530304e+02 4.13090790e+02 4.29362946e+02
    4.17597565e+02 4.69196899e+02 4.22319550e+02 5.08852295e+02
    3.39658569e+02 1.49542267e+02 3.44714569e+02 1.91883026e+02
    3.49693054e+02 2.33530182e+02 3.54559998e+02 2.74488586e+02
    3.59380890e+02 3.14915222e+02 3.64093506e+02 3.55245636e+02
    3.68667969e+02 3.95338043e+02 3.73387054e+02 4.35477417e+02
    3.78021088e+02 4.75576416e+02 3.82618652e+02 5.15648682e+02
    2.97605957e+02 1.53221497e+02 3.03082336e+02 1.95818863e+02
    3.08403961e+02 2.37877380e+02 3.13487732e+02 2.79310638e+02
    3.18500519e+02 3.20238831e+02 3.23360077e+02 3.60727081e+02
    3.28204102e+02 4.01373566e+02 3.32783447e+02 4.41885712e+02
    3.37550873e+02 4.82383514e+02 3.42370026e+02 5.22691284e+02
    5.11900299e+02 1.50620529e+02 5.10173981e+02 1.89654236e+02
    5.08417450e+02 2.28436539e+02 5.06694031e+02 2.66540558e+02
    5.05428223e+02 3.04485199e+02 5.04259857e+02 3.42294220e+02
    5.03092194e+02 3.79797821e+02 5.02133759e+02 4.17551819e+02
    5.01165985e+02 4.55445709e+02 5.00296509e+02 4.93284088e+02
    4.74754883e+02 1.48448563e+02 4.73275787e+02 1.87941833e+02
    4.71533905e+02 2.27049210e+02 4.70258179e+02 2.65537811e+02
    4.68717957e+02 3.03712219e+02 4.67553101e+02 3.41787750e+02
    4.66520264e+02 3.79827454e+02 4.65496765e+02 4.18160431e+02
    4.64541595e+02 4.56328186e+02 4.63541077e+02 4.94507019e+02
    4.37027405e+02 1.46132584e+02 4.35525452e+02 1.86212189e+02
    4.34290375e+02 2.25567154e+02 4.32766754e+02 2.64523804e+02
    4.31567413e+02 3.03283844e+02 4.30488892e+02 3.41548187e+02
    4.29451416e+02 3.80120148e+02 4.28460022e+02 4.18538666e+02
    4.27446655e+02 4.57326447e+02 4.26462891e+02 4.95832428e+02
    3.98457184e+02 1.43577255e+02 3.97283783e+02 1.84181931e+02
